-99                     bryce canyon nat. park outline
 37.2504  111.9992
 37.2502  112.5004
 37.7500  112.5000
 37.7502  111.9993
 37.6999  112.0822
 37.6627  112.0813
 37.6626  112.0955
 37.6522  112.0956
 37.6521  112.1000
 37.6336  112.1003
 37.6336  112.1095
 37.6225  112.1097
 37.6224  112.1191
 37.6151  112.1192
 37.6150  112.1322
 37.6080  112.1326
 37.6077  112.1278
 37.6036  112.1280
 37.6035  112.1326
 37.5970  112.1328
 37.5971  112.1283
 37.5637  112.1275
 37.5635  112.1684
 37.5647  112.1692
 37.5646  112.2094
 37.5508  112.2099
 37.5505  112.2189
 37.5432  112.2187
 37.5433  112.2373
 37.5223  112.2369
 37.5214  112.2463
 37.4930  112.2462
 37.4934  112.2145
 37.4570  112.2136
 37.4563  112.2283
 37.4424  112.2290
 37.4421  112.2657
 37.4927  112.2655
 37.4926  112.2742
 37.5437  112.2753
 37.5436  112.2551
 37.5510  112.2553
 37.5507  112.2518
 37.5585  112.2514
 37.5587  112.2468
 37.5652  112.2468
 37.5656  112.2419
 37.5718  112.2419
 37.5723  112.2378
 37.5793  112.2382
 37.5797  112.2329
 37.5859  112.2331
 37.5868  112.2279
 37.5944  112.2287
 37.5945  112.2187
 37.6015  112.2195
 37.6013  112.2107
 37.6124  112.2100
 37.6122  112.2013
 37.6153  112.2013
 37.6159  112.1826
 37.6449  112.1824
 37.6448  112.1734
 37.6522  112.1731
 37.6523  112.1665
 37.6558  112.1667
 37.6564  112.1465
 37.6630  112.1469
 37.6629  112.1366
 37.6685  112.1374
 37.6689  112.1414
 37.6725  112.1415
 37.6727  112.1365
 37.6753  112.1368
 37.6754  112.1410
 37.6775  112.1411
 37.6774  112.1446
 37.6814  112.1443
 37.6815  112.1380
 37.6815  112.1380
 37.6965  112.1369
 37.6960  112.1151
 37.7000  112.1153
 37.7000  112.1153
 37.7002  112.0830
