  36.9998  112.4999
  36.9997  113.2504
  37.7510  113.2506
  37.7501  112.5000
  37.1513  112.8629
  37.1510  112.8640
  37.1511  112.8654
  37.1511  112.8666
  37.1512  112.8680
  37.1513  112.8698
  37.1513  112.8711
  37.1512  112.8733
  37.1513  112.8750
  37.1511  112.8763
  37.1509  112.8784
  37.1513  112.8806
  37.1514  112.8823
  37.1515  112.8842
  37.1513  112.8857
  37.1514  112.8882
  37.1514  112.8892
  37.1515  112.8907
  37.1513  112.8938
  37.1512  112.8949
  37.1513  112.8963
  37.1512  112.8981
  37.1409  112.8991
  37.1406  112.9694
  37.1645  112.9694
  37.1647  112.9868
  37.2013  112.9874
  37.2007  113.0074
  37.1818  113.0074
  37.1815  113.0112
  37.1774  113.0112
  37.1767  113.0163
  37.1712  113.0167
  37.1715  113.0899
  37.2001  113.0907
  37.2003  113.1084
  37.2358  113.1092
  37.2359  113.1182
  37.2585  113.1187
  37.2588  113.1095
  37.3362  113.1088
  37.3363  113.1182
  37.3509  113.1188
  37.3513  113.1260
  37.3728  113.1269
  37.3735  113.1975
  37.3882  113.1977
  37.3883  113.2058
  37.4018  113.2064
  37.4017  113.2146
  37.4369  113.2140
  37.4369  113.2167
  37.4520  113.2171
  37.4523  113.2257
  37.4626  113.2258
  37.4631  113.2208
  37.4657  113.2208
  37.4657  113.2075
  37.4805  113.2074
  37.4807  113.1989
  37.5058  113.1987
  37.5058  113.1801
  37.5043  113.1797
  37.5046  113.1445
  37.4474  113.1444
  37.4455  113.0907
  37.3733  113.0903
  37.3732  113.0902
  37.3729  113.0539
  37.3797  113.0536
  37.3802  113.0449
  37.3876  113.0449
  37.3875  113.0405
  37.3916  113.0403
  37.3912  113.0361
  37.3964  113.0359
  37.3969  113.0341
  37.3967  113.0325
  37.3962  113.0309
  37.3956  113.0291
  37.3941  113.0268
  37.3926  113.0255
  37.3926  113.0227
  37.3930  113.0201
  37.3943  113.0184
  37.3958  113.0164
  37.3971  113.0142
  37.3976  113.0106
  37.3963  113.0062
  37.3961  113.0046
  37.3959  113.0042
  37.3936  113.0005
  37.3696  112.9996
  37.3687  112.9000
  37.2812  112.8999
  37.2808  112.8977
  37.2672  112.8979
  37.2667  112.8797
  37.2517  112.8796
  37.2521  112.8634
  37.1510  112.8619
